PORT=8081
API_KEY=a051e2e64a6349b7894ac7206458567e
LAT=50.09636106685113
LON=29.55367209692578